0.7198 0.4424 1
0.5272 0.5143 1
0.3055 0.6332 1
0.2772 0.5955 1
0.8333 0.2692 1
0.3425 0.6291 1
0.7901 0.4530 1
0.2794 0.6023 1
0.3646 0.5721 1
0.4019 0.8836 1
0.4075 0.5346 1
0.8010 0.4099 1
0.7314 0.4795 1
0.4215 0.5575 1
0.3229 0.8159 1
0.9222 0.2452 1
0.4994 0.4972 1
0.4699 0.5762 1
0.2984 0.6894 1
0.8514 0.3161 1
0.8156 0.3871 1
0.4489 0.5252 1
0.5387 0.5514 1
0.8617 0.2139 1
0.5563 0.5160 1
0.5438 0.5155 1
0.6643 0.5007 1
0.6493 0.5378 1
0.6064 0.5536 1
0.4200 0.5364 1
0.7257 0.5067 1
0.7562 0.4513 1
0.7072 0.4767 1
0.7462 0.4888 1
0.7656 0.4760 1
0.2882 0.8741 1
0.2855 0.6557 1
0.6750 0.5366 1
0.7557 0.5097 1
0.8996 0.2284 1
0.4154 0.5177 1
0.3056 0.6375 1
0.3091 0.7960 1
0.3604 0.6024 1
0.8567 0.2763 1
0.7427 0.4751 1
0.2940 0.6619 1
0.3317 0.8146 1
0.7693 0.4974 1
0.5115 0.5503 1
0.6311 0.5197 1
0.6947 0.4811 1
0.6897 0.5079 1
0.2953 0.6586 1
0.7270 0.5300 1
0.3009 0.8657 1
0.2694 0.6427 1
0.2932 0.6294 1
0.3067 0.7413 1
0.7739 0.3576 1
0.3664 0.8577 1
0.2809 0.6314 1
0.2624 0.7108 1
0.8124 0.3646 1
0.2826 0.6113 1
0.4678 0.5458 1
0.2763 0.6278 1
0.2712 0.7036 1
0.7105 0.4941 1
0.7906 0.4192 1
0.5358 0.5145 1
0.6120 0.5413 1
0.7524 0.4733 1
0.6570 0.5356 1
0.4111 0.5637 1
0.4762 0.5193 1
0.4052 0.8419 1
0.2490 0.6893 1
0.3223 0.6304 1
0.4226 0.5267 1
0.8837 0.1860 1
0.2727 0.6939 1
0.6523 0.5317 1
0.6222 0.5384 1
0.7801 0.4617 1
0.8225 0.3710 1
0.3068 0.8045 1
0.4127 0.5177 1
0.8046 0.3468 1
0.2841 0.7515 1
0.5836 0.5290 1
0.7479 0.4831 1
0.2852 0.6482 1
0.8050 0.3064 1
0.8900 0.2539 1
0.8359 0.3481 1
0.6260 0.5514 1
0.4247 0.9516 1
0.3181 0.8612 1
0.6057 0.5555 1
0.2846 0.6067 1
0.6675 0.4921 1
0.8818 0.2414 1
0.8492 0.3426 1
0.3497 0.8161 1
0.2654 0.7378 1
0.7491 0.4867 1
0.8403 0.2112 1
0.3279 0.8945 1
0.3094 0.8068 1
0.4007 0.5246 1
0.7175 0.5055 1
0.3348 0.8546 1
0.7318 0.5140 1
0.3418 0.8835 1
0.6204 0.5081 1
0.6405 0.4892 1
0.8737 0.2540 1
0.3246 0.8149 1
0.5653 0.5037 1
0.4648 1.0106 1
0.8391 0.2181 1
0.6249 0.5608 1
0.4086 0.5582 1
0.2681 0.6927 1
0.8155 0.4467 1
0.3778 0.5862 1
0.6309 0.5153 1
0.3108 0.6030 1
0.3970 0.5031 1
0.2609 0.6546 1
0.5505 0.5106 1
0.8755 0.2487 1
0.3000 0.6392 1
0.3187 0.8238 1
0.2964 0.7946 1
0.8566 0.2388 1
0.2526 0.6886 1
0.6957 0.5078 1
0.5439 0.5004 1
0.3331 0.6028 1
0.3341 0.8059 1
0.4485 0.4973 1
0.2652 0.7418 1
0.2695 0.6446 1
0.8590 0.2480 1
0.3276 0.5971 1
0.8160 0.2446 1
0.4931 0.5455 1
0.3258 0.6413 1
0.2967 0.7104 1
0.5085 0.5142 1
0.3097 0.5936 1
0.7349 0.4744 1
0.2743 0.6473 1
0.5648 0.5424 1
0.4276 0.5507 1
0.3169 0.8344 1
0.7503 0.5171 1
0.9005 0.2405 1
0.4459 0.5927 1
0.8430 0.3424 1
0.2206 0.7179 1
0.3843 0.8326 1
0.3487 0.8982 1
0.6718 0.4970 1
0.8234 0.4020 1
0.3231 0.8540 1
0.2777 0.7367 1
0.6600 0.5072 1
0.5919 0.5386 1
0.4527 0.5648 1
0.4688 0.5302 1
0.3246 0.6273 1
0.3403 0.5725 1
0.8927 0.2870 1
0.8542 0.2260 1
0.4647 0.5332 1
0.6528 0.4822 1
0.3284 0.8253 1
0.8753 0.2397 1
0.7855 0.4389 1
0.3126 0.8029 1
0.6618 0.5112 1
0.2802 0.7296 1
0.8480 0.2749 1
0.6788 0.4968 1
0.3916 0.5398 1
0.3016 0.7448 1
0.5370 0.5652 1
0.4814 0.5252 1
0.6412 0.5097 1
0.7755 0.3784 1
0.2390 0.7350 1
0.2711 0.6750 1
0.2517 0.6858 1
0.2951 0.6500 1
0.2599 0.7344 1
0.2375 0.6577 1
0.8764 0.2337 1
0.8005 0.4425 1
0.3762 0.8924 1
0.5487 0.5723 1
0.7530 0.4789 1
0.7923 0.4720 1
0.9255 0.2557 1
0.3185 0.5862 1
0.2997 0.6452 1
0.8101 0.3724 1
0.8557 0.2899 1
0.7578 0.4787 1
0.7800 0.4744 1
0.2875 0.6220 1
0.2526 0.7435 1
0.8836 0.2769 1
0.5167 0.5297 1
0.3852 0.5368 1
0.2763 0.7172 1
0.3448 0.5883 1
0.2771 0.6849 1
0.7646 0.4654 1
0.7528 0.4446 1
0.7317 0.4996 1
0.2804 0.7868 1
0.7657 0.4094 1
0.2482 0.7321 1
0.2568 0.6660 1
0.2525 0.7050 1
0.4024 0.5331 1
0.5264 0.5496 1
0.4668 0.5385 1
0.7223 0.5226 1
0.2272 0.6875 1
0.6744 0.4948 1
0.6703 0.5119 1
0.3431 0.5575 1
0.7394 0.4594 1
0.3959 0.8516 1
0.7866 0.3906 1
0.3790 0.5430 1
0.8116 0.4627 1
0.3211 0.6459 1
0.6722 0.5763 1
0.3346 0.5562 1
0.4790 0.5575 1
0.9180 0.2794 1
0.2693 0.7055 1
0.7423 0.4562 1
0.8529 0.2107 1
0.7191 0.5084 1
0.6514 0.5384 1
0.3176 0.8203 1
0.5715 0.5708 1
0.3035 0.7498 1
0.3434 0.5267 1
0.2716 0.6631 1
0.8908 0.2707 1
0.5271 0.5243 1
0.3046 0.6307 1
0.3625 0.8640 1
0.4464 0.5476 1
0.2988 0.6797 1
0.3186 0.8635 1
0.7994 0.4968 1
0.7354 0.4855 1
0.2730 0.6941 1
0.4704 0.5437 1
0.2734 0.7193 1
0.2945 0.6796 1
0.7657 0.4784 1
0.2889 0.6465 1
0.3921 0.5234 1
0.4834 0.5389 1
0.5392 0.4657 1
0.5529 0.5272 1
0.8062 0.4365 1
0.2861 0.8063 1
0.8201 0.4149 1
0.8725 0.3856 1
0.3205 0.7012 1
0.3011 0.6006 1
0.4408 0.5196 1
0.6235 0.5062 1
0.2761 0.6975 1
0.3282 0.8379 1
0.7675 0.4229 1
0.4186 0.5609 1
0.2674 0.6888 1
0.8780 0.2951 1
0.8565 0.2545 1
0.2683 0.6739 1
0.9066 0.2537 1
0.9004 0.3200 1
0.8409 0.2976 1
0.8956 0.2751 1
0.3240 0.8324 1
0.7740 0.5210 1
0.4654 0.5000 1
0.9096 0.2774 1
0.5049 0.5509 1
0.3826 0.5228 1
0.3381 0.5990 1
0.4050 0.5670 1
0.9015 0.2994 1
0.3034 0.8349 1
0.8665 0.3273 1
0.7715 0.4787 1
0.3535 0.8447 1
0.7744 0.3876 1
0.3060 0.6220 1
0.5938 0.5479 1
0.4867 0.5737 1
0.2942 0.6710 1
0.2841 0.6920 1
0.3611 0.5581 1
0.8529 0.2593 1
0.6913 0.4661 1
0.2819 0.8025 1
0.3043 0.8082 1
0.3658 0.8449 1
0.8882 0.2818 1
0.8100 0.4473 1
0.7816 0.4141 1
0.7221 0.5064 1
0.3075 0.6595 1
0.3691 0.5512 1
0.4237 0.5585 1
0.3189 0.8132 1
0.3208 0.6660 1
0.3217 0.6078 1
0.3539 0.6303 1
0.7691 0.4405 1
0.3000 0.7778 1
0.3054 0.6667 1
0.5287 0.5344 1
0.3400 0.8249 1
0.7749 0.5109 1
0.4026 0.8379 1
0.2979 0.6281 1
0.3293 0.5588 1
0.2375 0.6991 1
0.3552 0.8464 1
0.6222 0.5554 1
0.3465 0.5395 1
0.8284 0.4135 1
0.7599 0.4520 1
0.2212 0.7133 1
0.8706 0.2549 1
0.1882 0.6880 1
0.3132 0.7221 1
0.4547 0.4754 1
0.2190 0.7063 1
0.2744 0.6639 1
0.2743 0.6509 1
0.7908 0.4896 1
0.7539 0.5320 1
0.7313 0.5220 1
0.8860 0.3339 1
0.3693 0.8916 1
0.2180 0.6327 1
0.7362 0.4774 1
0.6842 0.5366 1
0.2825 0.6754 1
0.6495 0.5087 1
0.3138 0.6653 1
0.3542 0.7975 1
0.9854 0.2816 1
0.3832 0.5998 1
0.2847 0.8196 1
0.2724 0.6983 1
0.3345 0.8022 1
0.5003 0.5454 1
0.2903 0.8092 1
0.6416 0.4305 1
0.8652 0.3361 1
0.2022 0.6319 1
0.7072 0.4986 1
0.6496 0.5177 1
0.2649 0.6553 1
0.8679 0.1998 1
0.8631 0.2112 1
0.2974 0.7308 1
0.2965 0.8661 1
0.5956 0.4447 1
0.2463 0.7448 1
0.5464 0.5790 1
0.2978 0.6192 1
0.3341 0.8521 1
0.2846 0.7431 1
0.2720 0.6610 1
0.5221 0.5509 1
0.7834 0.4237 1
0.6217 0.5055 1
0.6238 0.4909 1
0.7532 0.4900 1
0.8786 0.2692 1
0.6406 0.5035 1
0.4571 0.5971 1
0.2965 0.7750 1
0.3252 0.6592 1
0.2522 0.6203 1
0.7767 0.4597 1
0.3473 0.8624 1
0.6456 0.5418 1
0.3853 0.5536 1
0.3629 0.8168 1
0.9356 0.2792 1
0.9255 0.2521 1
0.5208 0.4915 1
0.7327 0.4105 1
0.2875 0.5732 1
0.3261 0.8180 1
0.4084 0.5327 1
0.5330 0.5944 1
0.3571 0.8530 1
0.6794 0.5029 1
0.2759 0.7197 1
0.4452 0.5321 1
0.2825 0.5734 1
0.3218 0.6909 1
0.3160 0.6201 1
0.3314 0.6023 1
0.2580 0.6320 1
0.2992 0.7946 1
0.3615 0.8440 1
0.6874 0.5399 1
0.5884 0.5018 1
0.8782 0.2495 1
0.6180 0.5422 1
0.6194 0.4748 1
0.8390 0.2896 1
0.6889 0.5234 1
0.3923 0.4902 1
0.2318 0.8042 1
0.4593 0.5633 1
0.7892 0.3779 1
0.3297 0.7938 1
0.3071 0.8505 1
0.7771 0.3064 1
0.8087 0.3775 1
0.2170 0.6376 1
0.6938 0.5089 1
0.5101 0.5115 1
0.6699 0.4669 1
0.6237 0.5581 1
0.2630 0.6230 1
0.3322 0.8429 1
0.9238 0.3161 1
0.7898 0.5398 1
0.3786 0.8264 1
0.6217 0.4683 1
0.7648 0.4294 1
0.6751 0.5285 1
0.2708 0.6682 1
0.2735 0.7772 1
0.2663 0.6893 1
0.5778 0.6109 1
0.6022 0.4879 1
0.8091 0.3795 1
0.2809 0.6731 1
0.3381 0.5770 1
0.4131 0.9873 1
0.2753 0.6143 1
0.2973 0.5571 1
0.8692 0.2676 1
0.8652 0.2681 1
0.7425 0.4671 1
0.3245 0.7358 1
0.3124 0.6241 1
0.2145 0.6975 1
0.7350 0.4744 1
0.3993 0.5519 1
0.7005 0.4614 1
0.4589 0.5012 1
0.2838 0.6749 1
0.7640 0.4110 1
0.2306 0.7811 1
0.8817 0.2692 1
0.3453 0.8532 1
0.5870 0.5029 1
0.8282 0.2778 1
0.8249 0.3055 1
0.4605 0.5562 1
0.5309 0.4819 1
0.8047 0.4618 1
0.7356 0.5363 1
0.3320 0.8890 1
0.3407 0.5797 1
0.3618 0.4749 1
0.7512 0.4172 1
0.5353 0.5131 1
0.5177 0.5028 1
0.6790 0.5138 1
0.2698 0.8501 1
0.8660 0.1859 1
0.3556 0.6541 1
0.9172 0.2367 1
0.7826 0.4576 1
0.2802 0.6825 1
0.7016 0.4499 1
0.6168 0.5421 1
0.3152 0.9089 1
0.5177 0.6038 1
0.5258 0.5286 1
0.3159 0.5915 1
0.8047 0.4242 1
0.5202 0.5189 1
0.3055 0.7162 1
0.3523 0.8676 1
0.4053 0.8204 1
0.2902 0.6877 1
0.6765 0.5210 1
0.2655 0.6693 1
0.2493 0.5601 1
0.5803 0.5137 1
0.3563 0.6135 1
0.3523 0.5859 1
0.8261 0.2104 1
0.6448 0.4473 1
0.3415 0.7980 1
0.3315 0.8534 1
0.2400 0.6881 1
0.3270 0.6677 1
0.8056 0.3241 1
0.3521 0.8281 1
0.6210 0.5687 1
0.2461 0.6727 1
0.3196 0.7213 1
0.4173 0.5017 1
0.2129 0.6651 1
0.2783 0.6249 1
0.6045 0.5280 1
0.3321 0.5699 1
0.8317 0.4307 1
0.2662 0.6418 1
0.6967 0.5095 1
0.8749 0.2980 1
0.8232 0.3929 1
0.5513 0.4738 1
0.7516 0.4768 1
0.7883 0.3943 1
0.7375 0.5320 1
0.4798 0.5817 1
0.4096 0.5215 1
0.8272 0.2958 1
0.8335 0.3285 1
0.7723 0.4744 1
0.2974 0.8286 1
0.2730 0.7233 1
0.8652 0.1960 1
0.5051 0.5624 1
0.2723 0.6912 1
0.3856 0.8271 1
0.2100 0.6924 1
0.8038 0.4433 1
0.3220 0.8639 1
0.7263 0.4813 1
0.4395 0.5361 1
0.2967 0.7782 1
0.4847 0.5777 1
0.8721 0.2560 1
0.8063 0.5025 1
0.7600 0.4660 1
0.2573 0.6118 1
0.8444 0.4625 1
0.2929 0.8183 1
0.7939 0.5005 1
0.2339 0.7062 1
0.2483 0.6991 1
0.2843 0.7710 1
0.8684 0.2392 1
0.8134 0.4625 1
0.3238 0.7032 1
0.7726 0.3909 1
0.7832 0.4807 1
0.3442 0.6108 1
0.8690 0.2121 1
0.5794 0.5607 1
0.7913 0.5082 1
0.6115 0.5568 1
0.6749 0.5933 1
0.8245 0.2992 1
0.2148 0.7641 1
0.2685 0.6416 1
0.4023 0.4830 1
0.4375 0.5634 1
0.7334 0.5073 1
0.2866 0.6217 1
0.7120 0.4522 1
0.5444 0.5010 1
0.4227 0.8240 1
0.8217 0.3527 1
0.6118 0.5295 1
0.7490 0.5303 1
0.3133 0.8375 1
0.8315 0.3188 1
0.3448 0.5453 1
0.3337 0.8438 1
0.7263 0.4745 1
0.8632 0.2906 1
0.3636 0.5449 1
0.6194 0.5386 1
0.5594 0.5103 1
0.4110 0.8045 1
0.1944 0.6300 1
0.7578 0.4998 1
0.3152 0.8207 1
0.8763 0.2746 1
0.5523 0.5755 1
0.8388 0.2828 1
0.3759 0.6658 1
0.8829 0.3213 1
0.2688 0.7926 1
0.8152 0.3034 1
0.7505 0.5141 1
0.2782 0.6905 1
0.2617 0.5945 1
0.3126 0.8539 1
0.4194 0.6129 1
0.2663 0.7205 1
0.9271 0.2586 1
0.2664 0.6494 1
0.8308 0.2879 1
0.2981 0.7515 1
0.3196 0.6249 1
0.8266 0.3398 1
0.7539 0.4453 1
0.8753 0.1950 1
0.3214 0.6351 1
0.7241 0.4802 1
0.8696 0.2026 1
0.3972 0.5740 1
0.7640 0.3887 1
0.5583 0.5503 1
0.6475 0.4614 1
0.9014 0.2656 1
0.7756 0.4178 1
0.7570 0.5077 1
0.3089 0.7770 1
0.2416 0.6504 1
0.7785 0.4975 1
0.5530 0.5251 1
0.8563 0.2333 1
0.3021 0.7055 1
0.2897 0.6123 1
0.5562 0.5486 1
0.2805 0.6827 1
0.4486 0.5977 1
0.4667 0.5086 1
0.3306 0.6336 1
0.7411 0.4711 1
0.5989 0.5445 1
0.6976 0.5809 1
0.2652 0.6956 1
0.5822 0.5415 1
0.8033 0.4887 1
0.3037 0.6278 1
0.5698 0.5011 1
0.8559 0.3479 1
0.7420 0.4408 1
0.7667 0.4660 1
0.3146 0.7339 1
0.3461 0.5455 1
0.5385 0.5093 1
0.6733 0.4576 1
0.3816 0.8303 1
0.3958 0.5385 1
0.8565 0.3692 1
0.2496 0.7111 1
0.7362 0.4242 1
0.7618 0.3830 1
0.7952 0.4244 1
0.8493 0.2347 1
0.4574 0.4778 1
0.7362 0.4769 1
0.2905 0.6022 1
0.3036 0.7520 1
0.2879 0.7413 1
0.8085 0.4072 1
0.4361 0.8241 1
0.7496 0.4024 1
0.6263 0.4515 1
0.3785 0.5211 1
0.3511 0.7134 1
0.6464 0.5591 1
0.2655 0.7317 1
0.8968 0.2870 1
0.2281 0.8584 1
0.5938 0.5249 1
0.3155 0.5949 1
0.2870 0.5550 1
0.4741 0.5547 1
0.7886 0.4929 1
0.7297 0.5432 1
0.3653 0.8499 1
0.3333 0.5861 1
0.5355 0.5507 1
0.3051 0.6224 1
0.5568 0.5949 1
0.2839 0.8171 1
0.3962 0.5684 1
0.8104 0.3464 1
0.4755 0.5379 1
0.7117 0.5180 1
0.2179 0.7253 1
0.7906 0.5479 1
0.3073 0.8132 1
0.3712 0.5706 1
0.7802 0.4718 1
0.6978 0.4432 1
0.3290 0.7031 1
0.2773 0.5750 1
0.8837 0.2261 1
0.2776 0.6547 1
0.8919 0.3353 1
0.2809 0.7079 1
0.5129 0.6501 1
0.2633 0.7366 1
0.3073 0.8495 1
0.5638 0.5102 1
0.7335 0.5267 1
0.7632 0.4601 1
0.5383 0.5472 1
0.8432 0.3300 1
0.3221 0.5479 1
0.6042 0.4521 1
0.9264 0.3159 1
0.3539 0.8536 1
0.8117 0.3130 1
0.2732 0.7965 1
0.9538 0.2844 1
0.2616 0.7592 1
0.4217 0.5697 1
0.8847 0.3486 1
0.7084 0.4856 1
0.2935 0.7176 1
0.8542 0.1741 1
0.4509 0.5208 1
0.2741 0.6422 1
0.7585 0.4979 1
0.4007 0.6139 1
0.2931 0.7391 1
0.5240 0.4625 1
0.8060 0.4680 1
0.8929 0.2975 1
0.2799 0.5508 1
0.3682 0.6097 1
0.3143 0.7143 1
0.5576 0.5450 1
0.3289 0.6368 1
0.3025 0.6062 1
0.3283 0.7157 1
0.5950 0.5679 1
0.8432 0.4081 1
0.7528 0.1647 1
0.5724 0.4666 1
0.7751 0.4481 1
0.4625 0.5767 1
0.3639 0.6905 1
0.6111 0.5136 1
0.3639 0.6058 1
0.8724 0.2940 1
0.6621 0.5199 1
0.4009 0.8325 1
0.3233 0.6576 1
0.8522 0.2473 1
0.4394 0.6396 1
0.5158 0.5048 1
0.2846 0.6250 1
0.6161 0.5733 1
0.3224 0.8074 1
0.8572 0.2610 1
0.5815 0.5673 1
0.3570 0.7763 1
0.2543 0.7196 1
0.3103 0.7024 1
0.7582 0.5309 1
0.3301 0.7616 1
0.8562 0.1678 1
0.5385 0.5471 1
0.5124 0.5194 1
0.4912 0.5310 1
0.3908 0.4951 1
0.2429 0.6333 1
0.7761 0.4736 1
0.3186 0.5618 1
0.3034 0.7455 1
0.6255 0.4915 1
0.2875 0.7120 1
0.7429 0.5221 1
0.3991 0.8432 1
0.1565 0.6229 1
0.3706 0.8587 1
0.2219 0.6618 1
0.5167 0.5322 1
0.6686 0.6673 1
0.4323 0.8425 1
0.3151 0.8450 1
0.4882 0.5831 1
0.6659 0.5440 1
0.2059 0.6811 1
0.3167 0.8981 1
0.6943 0.5058 1
0.7570 0.4858 1
0.3768 0.6139 1
0.3902 0.8072 1
0.7908 0.4990 1
0.6527 0.5306 1
0.8720 0.1283 1
0.7690 0.4463 1
0.5141 0.5632 1
0.4061 0.5114 1
0.2968 0.8356 1
0.3398 0.5775 1
0.5963 0.4937 1
0.9333 0.2685 1
0.3481 0.8141 1
0.4944 0.5069 1
0.5666 0.5538 1
0.7315 0.4694 1
0.6210 0.5232 1
0.6141 0.5618 1
0.8784 0.2354 1
0.2682 0.7153 1
0.5044 0.5645 1
0.1732 0.7416 1
0.5980 0.5329 1
0.2895 0.6820 1
0.8271 0.4564 1
0.6595 0.4909 1
0.7587 0.4827 1
0.6111 0.5659 1
0.8603 0.2743 1
0.2405 0.7146 1
0.7427 0.3761 1
0.3437 0.8733 1
0.2955 0.6952 1
0.6037 0.6096 1
0.6412 0.4639 1
0.2799 0.6541 1
0.7184 0.4702 1
0.7527 0.4785 1
0.5629 0.5518 1
0.2415 0.6712 1
0.8474 0.3910 1
0.9150 0.2792 1
0.5158 0.5958 1
0.6698 0.5434 1
0.3585 0.5591 1
0.5513 0.5018 1
0.3517 0.8084 1
0.6589 0.5524 1
0.5262 0.6029 1
0.2545 0.7254 1
0.3916 0.8406 1
0.3371 0.5047 1
0.3157 0.8436 1
0.5590 0.4680 1
0.2506 0.7129 1
0.1968 0.6831 1
0.2581 0.6370 1
0.8695 0.2247 1
0.8634 0.2312 1
0.3453 0.5761 1
0.8284 0.4769 1
0.3185 0.7977 1
0.8617 0.2048 1
0.2615 0.7955 1
1.0367 0.2998 1
0.4063 0.8367 1
0.2250 0.6764 1
0.4324 0.5368 1
0.5989 0.5489 1
0.4432 0.4982 1
0.8393 0.3343 1
0.3629 0.8744 1
0.2989 0.7281 1
0.3168 0.6217 1
0.8136 0.4671 1
0.2724 0.7230 1
0.8589 0.2647 1
0.7423 0.4620 1
0.8921 0.1985 1
0.8636 0.3338 1
0.4667 0.5193 1
0.3137 0.8440 1
0.3665 0.8720 1
0.3233 0.8193 1
0.8288 0.2799 1
0.2546 0.6488 1
0.8167 0.3723 1
0.3027 0.6500 1
0.7177 0.4635 1
0.6206 0.4833 1
0.3124 0.6454 1
0.8955 0.2398 1
0.3547 0.8399 1
0.6873 0.5097 1
0.4673 0.4343 1
0.2484 0.6414 1
0.6320 0.6133 1
0.7641 0.5009 1
0.2906 0.6206 1
0.5130 0.6035 1
0.2638 0.6793 1
0.4160 0.5322 1
0.6904 0.4968 1
0.8673 0.2217 1
0.9473 0.2829 1
0.3698 0.4922 1
0.3012 0.6483 1
0.7347 0.4081 1
0.6881 0.4073 1
0.6270 0.5037 1
0.6831 0.5352 1
0.2986 0.7103 1
0.4411 0.8494 1
0.2928 0.6400 1
0.7960 0.3896 1
0.7850 0.3219 1
0.7378 0.4203 1
0.5765 0.5165 1
0.2762 0.7065 1
0.3695 0.8374 1
0.3917 0.6092 1
0.4658 0.9586 1
0.8454 0.3380 1
0.3777 0.4869 1
0.6623 0.6377 1
0.8329 0.4163 1
0.4389 0.5612 1
0.7014 0.4514 1
0.4980 0.4961 1
0.8347 0.4042 1
0.8716 0.4031 1
0.2616 0.5835 1
0.5897 0.5209 1
0.1603 0.6674 1
0.3179 0.5915 1
0.3207 0.5677 1
0.7611 0.4158 1
0.8462 0.4078 1
0.5254 0.4797 1
0.3113 0.8361 1
0.4898 0.5926 1
0.2633 0.6349 1
0.8960 0.2876 1
0.4490 0.5604 1
0.8070 0.4623 1
0.8772 0.2624 1
0.3198 0.5957 1
0.2844 0.6014 1
0.8363 0.3804 1
0.2013 0.7124 1
0.2696 0.6923 1
0.6633 0.5104 1
0.6628 0.5406 1
0.8209 0.4555 1
0.4237 0.5101 1
0.7297 0.4609 1
0.1468 0.7521 1
0.2683 0.6725 1
0.7558 0.4942 1
0.9552 0.2758 1
0.8524 0.2302 1
0.3398 0.5539 1
0.7529 0.5178 1
0.9035 0.2939 1
0.7700 0.4529 1
0.7376 0.5079 1
0.6162 0.5351 1
0.1900 0.6945 1
0.8667 0.4232 1
0.4067 0.5064 1
0.2871 0.6015 1
0.3685 0.8473 1
0.7990 0.3193 1
0.3683 0.5402 1
0.3328 0.8304 1
0.5469 0.5602 1
0.8885 0.3332 1
0.2862 0.6879 1
0.4323 0.5422 1
0.6139 0.4722 1
0.5644 0.4896 1
0.5701 0.5957 1
0.7918 0.4601 1
0.3919 0.5865 1
0.2969 0.7050 1
0.4091 0.4918 1
0.5472 0.6185 1
0.5397 0.4855 1
0.2657 0.6359 1
0.3120 0.8510 1
0.5324 0.5113 1
0.9600 0.2679 1
0.7268 0.3948 1
0.7484 0.4916 1
0.2884 0.9026 1
0.3266 0.8317 1
0.3913 0.8241 2
0.3946 0.8377 2
0.4715 0.4434 2
0.3744 0.7289 2
0.3639 0.4804 2
0.4263 0.8689 2
0.3104 0.5498 2
0.3634 0.8120 2
0.4698 0.4662 2
0.3732 0.8130 2
0.3380 0.7617 2
0.4363 0.8560 2
0.3482 0.6851 2
0.3216 0.6877 2
0.3626 0.4398 2
0.4683 0.4651 2
0.3582 0.7837 2
0.3719 0.4706 2
0.4393 0.9156 2
0.3401 0.7124 2
0.3100 0.5845 2
0.3229 0.5795 2
0.5130 0.4629 2
0.2835 0.6135 2
0.4062 0.8625 2
0.4264 0.5007 2
0.3655 0.8318 2
0.2854 0.5942 2
0.2863 0.5503 2
0.3771 0.8260 2
0.4436 0.4399 2
0.3160 0.6267 2
0.4244 0.8012 2
0.3287 0.6697 2
0.4178 0.4090 2
0.3265 0.7577 2
0.3108 0.7572 2
0.2927 0.5692 2
0.3844 0.8381 2
0.3978 0.7935 2
0.4183 0.8523 2
0.2547 0.5843 2
0.4157 0.9215 2
0.3135 0.7004 2
0.3364 0.5145 2
0.2907 0.5987 2
0.3786 0.7737 2
0.4479 0.4597 2
0.3713 0.4856 2
0.3524 0.7777 2
0.4607 0.4643 2
0.4272 0.5183 2
0.2691 0.6172 2
0.2645 0.6002 2
0.4348 0.8242 2
0.4134 0.8583 2
0.3515 0.4671 2
0.4196 0.4803 2
0.3588 0.8230 2
0.4721 0.4865 2
0.4266 0.8368 2
0.4124 0.8520 2
0.4431 0.8884 2
0.3994 0.4513 2
0.5362 0.4601 2
0.3543 0.4547 2
0.4396 0.4170 2
0.3060 0.6560 2
0.3349 0.6931 2
0.4402 0.9601 2
0.4575 0.4796 2
0.2857 0.4677 2
0.2972 0.6798 2
0.3045 0.7329 2
0.3686 0.4700 2
0.4210 0.8738 2
0.4888 0.5067 2
0.4709 0.4785 2
0.3619 0.4745 2
0.2668 0.5584 2
0.4791 0.4736 2
0.4894 0.4810 2
0.4248 0.8572 2
0.3986 0.8653 2
0.5517 0.4629 2
0.5780 0.4858 2
0.4020 0.8041 2
0.3195 0.5072 2
0.4296 0.9135 2
0.5596 0.4831 2
0.4957 0.4454 2
0.3881 0.7543 2
0.4856 0.4480 2
0.3272 0.6529 2
0.4913 0.4980 2
0.3268 0.7365 2
0.4746 0.4815 2
0.5150 0.4482 2
0.4068 0.9217 2
0.3754 0.4445 2
0.4640 0.4751 2
0.3727 0.4662 2
0.4029 0.9022 2
0.3982 0.8637 2
0.2599 0.5012 2
0.3929 0.4852 2
0.3920 0.8340 2
0.2920 0.5326 2
0.4693 0.4751 2
0.3189 0.6969 2
0.3766 0.7902 2
0.4206 0.4584 2
0.2957 0.5517 2
0.3698 0.8657 2
0.3536 0.7810 2
0.4811 0.4716 2
0.3876 0.8331 2
0.4016 0.8713 2
0.4182 0.8893 2
0.3082 0.6835 2
0.3195 0.5652 2
0.3114 0.5225 2
0.3230 0.6887 2
0.4236 0.8485 2
0.3129 0.5141 2
0.2728 0.4939 2
0.3093 0.6696 2
0.3000 0.5951 2
0.3971 0.8517 2
0.4365 0.5010 2
0.2553 0.5152 2
0.4001 0.8611 2
0.3894 0.5020 2
0.3524 0.8331 2
0.3147 0.4645 2
0.2976 0.6448 2
0.3253 0.7748 2
0.2896 0.5548 2
0.4380 0.4992 2
0.3809 0.7666 2
0.5108 0.5070 2
0.3210 0.7086 2
0.4109 0.8115 2
0.2972 0.6617 2
0.3287 0.6894 2
0.4027 0.8332 2
0.5055 0.4951 2
0.4355 0.8699 2
0.3563 0.8447 2
0.3306 0.5176 2
0.2825 0.5257 2
0.4131 0.8388 2
0.4459 0.8784 2
0.2874 0.5955 2
0.3347 0.4705 2
0.3625 0.8370 2
0.4474 0.9449 2
0.3532 0.7316 2
0.3995 0.9023 2
0.3285 0.6706 2
0.4384 0.4483 2
0.3828 0.4274 2
0.4220 0.8858 2
0.3644 0.4418 2
0.2892 0.5657 2
0.3312 0.7569 2
0.3648 0.4983 2
0.3129 0.5664 2
0.3369 0.7539 2
0.4281 0.8942 2
0.3040 0.5343 2
0.2869 0.5220 2
0.4050 0.4704 2
0.2463 0.6293 2
0.3793 0.8412 2
0.3596 0.8133 2
0.3836 0.8586 2
0.4369 0.9507 2
0.3332 0.6973 2
0.3196 0.6462 2
0.2908 0.6341 2
0.3582 0.8496 2
0.4736 0.4718 2
0.3319 0.6629 2
0.3199 0.4933 2
0.4613 0.4398 2
0.3947 0.7701 2
0.4161 0.4544 2
0.3120 0.6566 2
0.3846 0.7714 2
0.2953 0.6310 2
0.3075 0.6256 2
0.3086 0.6657 2
0.5140 0.4764 2
0.4002 0.9090 2
0.3843 0.7970 2
0.3522 0.7652 2
0.3194 0.6507 2
0.3179 0.5649 2
0.4242 0.4975 2
0.3488 0.7623 2
0.4394 0.4657 2
0.4026 0.8149 2
0.2950 0.6927 2
0.3985 0.4475 2
0.4337 0.5059 2
0.4560 0.9115 2
0.4546 0.9019 2
0.3846 0.8060 2
0.2814 0.6949 2
0.3778 0.4922 2
0.4327 0.9038 2
0.2978 0.5230 2
0.2827 0.5306 2
0.3085 0.6794 2
0.4513 0.5225 2
0.3933 0.9033 2
0.3191 0.4240 2
0.3125 0.5726 2
0.3846 0.4379 2
0.4502 0.5262 2
0.4072 0.8712 2
0.4538 0.4898 2
0.3484 0.5216 2
0.4060 0.9154 2
0.2823 0.4835 2
0.3963 0.8889 2
0.5083 0.4688 2
0.3156 0.7116 2
0.4713 0.4609 2
0.4297 0.4941 2
0.4234 0.8495 2
0.3099 0.4923 2
0.2920 0.6423 2
0.2387 0.6436 2
0.5258 0.4550 2
0.2652 0.5737 2
0.2696 0.5828 2
0.3070 0.7364 2
0.4479 0.8654 2
0.4933 0.4907 2
0.4786 0.4831 2
0.3187 0.4668 2
0.3543 0.5085 2
0.4968 0.5010 2
0.5248 0.5306 2
0.5349 0.4927 2
0.4516 0.4383 2
0.3065 0.6640 2
0.5580 0.4651 2
0.3270 0.6745 2
0.3445 0.6607 2
0.3812 0.4655 2
0.5010 0.4659 2
0.2910 0.5710 2
0.3200 0.4894 2
0.2596 0.5257 2
0.5416 0.4691 2
0.3270 0.6453 2
0.3517 0.7311 2
0.3037 0.6374 2
0.3765 0.8397 2
0.3024 0.6737 2
0.3004 0.5710 2
0.3053 0.5451 2
0.5520 0.4921 2
0.3865 0.4759 2
0.2942 0.5389 2
0.3352 0.7177 2
0.3402 0.8041 2
0.3047 0.7111 2
0.4512 0.9285 2
0.4777 0.4208 2
0.4188 0.8705 2
0.2729 0.6019 2
0.2827 0.6384 2
0.5119 0.4354 2
0.2833 0.4789 2
0.3879 0.8624 2
0.3675 0.8075 2
0.3218 0.6890 2
0.5125 0.4485 2
0.3756 0.8554 2
0.3247 0.5686 2
0.3711 0.4363 2
0.3084 0.5241 2
0.4143 0.4710 2
0.4470 0.8881 2
0.3806 0.7010 2
0.4194 0.8829 2
0.3336 0.7754 2
0.2784 0.6158 2
0.5057 0.4593 2
0.2976 0.5674 2
0.3626 0.7435 2
0.4134 0.8952 2
0.3737 0.8038 2
0.3715 0.8076 2
0.3983 0.8250 2
0.3675 0.4742 2
0.3530 0.7750 2
0.2964 0.5243 2
0.3113 0.6323 2
0.3970 0.4711 2
0.3152 0.5563 2
0.3520 0.7363 2
0.4913 0.4438 2
0.3785 0.8648 2
0.3951 0.8247 2
0.3063 0.7144 2
0.4390 0.4452 2
0.2961 0.6057 2
0.4486 0.4689 2
0.4889 0.4742 2
0.4035 0.8177 2
0.3033 0.6846 2
0.3868 0.8523 2
0.4448 0.8430 2
0.4899 0.4573 2
0.4745 0.4726 2
0.3651 0.8217 2
0.3828 0.8163 2
0.5507 0.4566 2
0.4584 0.4568 2
0.4204 0.8750 2
0.4787 0.9502 2
0.4464 0.5058 2
0.2593 0.5550 2
0.4484 0.5246 2
0.3787 0.7922 2
0.3854 0.7378 2
0.4157 0.4965 2
0.3506 0.7539 2
0.4303 0.8610 2
0.3834 0.4508 2
0.4918 0.4804 2
0.4228 0.4390 2
0.3607 0.8996 2
0.5401 0.4403 2
0.2734 0.6697 2
0.3897 0.4788 2
0.4353 0.4882 2
0.2494 0.6060 2
0.2797 0.6526 2
0.3977 0.8652 2
0.2878 0.6407 2
0.3219 0.4408 2
0.4306 0.5155 2
0.5035 0.4612 2
0.5931 0.4899 2
0.4458 0.8611 2
0.4633 0.7896 2
0.3083 0.6004 2
0.3764 0.8484 2
0.4096 0.8526 2
0.2906 0.5704 2
0.3561 0.5077 2
0.3726 0.5101 2
0.4248 0.9041 2
0.2129 0.5573 2
0.3861 0.7905 2
0.3202 0.5574 2
0.3040 0.7492 2
0.3824 0.5551 2
0.4075 0.8259 2
0.4173 0.8377 2
0.3560 0.4662 2
0.2887 0.4685 2
0.3552 0.5017 2
0.3567 0.6261 2
0.3147 0.7173 2
0.3669 0.7671 2
0.4163 0.4297 2
0.3506 0.6493 2
0.4649 0.4837 2
0.3234 0.5409 2
0.3889 0.7153 2
0.3277 0.4727 2
0.3550 0.4426 2
0.4317 0.8653 2
0.5102 0.5331 2
0.4106 0.7973 2
0.3661 0.8863 2
0.2757 0.6908 2
0.3965 0.7793 2
0.4155 0.8857 2
0.2238 0.5893 2
0.2472 0.5893 2
0.5400 0.5258 2
0.4887 0.4609 2
0.3921 0.8043 2
0.2967 0.6744 2
0.3681 0.7316 2
0.3089 0.6385 2
0.3565 0.7762 2
0.4688 0.4656 2
0.3296 0.7385 2
0.4144 0.8907 2
0.4142 0.8213 2
0.2729 0.5159 2
0.4200 0.8199 2
0.4416 0.4982 2
0.3238 0.5565 2
0.3143 0.6300 2
0.3365 0.7475 2
0.2922 0.4179 2
0.3495 0.7863 2
0.3586 0.4630 2
0.2433 0.5697 2
0.4994 0.4243 2
0.5304 0.5379 2
0.2492 0.5950 2
0.4195 0.5225 2
0.4686 0.5214 2
0.4311 0.4510 2
0.3628 0.4858 2
0.3925 0.7594 2
0.3074 0.6934 2
0.3486 0.7247 2
0.3914 0.7281 2
0.5094 0.4481 2
0.3273 0.4780 2
0.5099 0.4511 2
0.3809 0.8302 2
0.4760 0.8951 2
0.4162 0.4575 2
0.4881 0.5030 2
0.2611 0.5740 2
0.5264 0.9563 2
0.3861 0.4647 2
0.4689 0.9202 2
0.3418 0.5239 2
0.3070 0.6635 2
0.4897 0.9181 2
0.3072 0.7033 2
0.3387 0.4426 2
0.3837 0.4074 2
0.3273 0.5603 2
0.3426 0.6018 2
0.3018 0.5101 2
0.4021 0.8318 2
0.4461 0.4695 2
0.2975 0.6082 2
0.3966 0.4709 2
0.4153 0.5124 2
0.3775 0.8421 2
0.4184 0.4741 2
0.3273 0.4610 2
0.4673 0.4612 2
0.3472 0.7468 2
0.2891 0.4754 2
0.3536 0.4590 2
0.4773 0.8967 2
0.3563 0.4956 2
0.3396 0.4478 2
0.3826 0.8048 2
0.2922 0.6664 2
0.3721 0.7944 2
0.4878 0.8875 2
0.3296 0.7801 2
0.4296 0.9481 2
0.3235 0.6382 2
0.3196 0.7351 2
0.3174 0.4968 2
0.2871 0.5017 2
0.3203 0.7618 2
0.3333 0.7091 2
0.3734 0.4571 2
0.2601 0.6314 2
0.3531 0.4487 2
0.2975 0.7814 2
0.3594 0.6382 2
0.2348 0.5909 2
0.5489 0.4444 2
0.4840 0.4628 2
0.4192 0.8694 2
0.3376 0.7635 2
0.3437 0.4587 2
0.3717 0.4745 2
0.3210 0.5083 2
0.4181 0.4319 2
0.2646 0.5049 2
0.5388 0.4887 2
0.5462 0.4821 2
0.3777 0.4382 2
0.5284 0.4610 2
0.3428 0.6919 2
0.4319 0.8896 2
0.3250 0.5263 2
0.3825 0.8137 2
0.3284 0.7413 2
0.4997 0.4186 2
0.3973 0.4446 2
0.4156 0.9122 2
0.2807 0.6497 2
0.3194 0.4977 2
0.3798 0.4878 2
0.4119 0.8821 2
0.2739 0.6825 2
0.3095 0.5430 2
0.2606 0.5923 2
0.3712 0.7937 2
0.3190 0.7374 2
0.4735 0.4669 2
0.2926 0.6654 2
0.2984 0.4315 2
0.3829 0.5193 2
0.4161 0.8359 2
0.3419 0.7414 2
0.4692 0.4652 2
0.3380 0.6671 2
0.2983 0.5322 2
0.3724 0.4974 2
0.3234 0.7183 2
0.4014 0.8076 2
0.3616 0.8094 2
0.4156 0.7968 2
0.3064 0.6384 2
0.3867 0.8177 2
0.2812 0.6335 2
0.2524 0.5268 2
0.3945 0.8199 2
0.3445 0.4516 2
0.3700 0.4754 2
0.2902 0.6367 2
0.3136 0.4753 2
0.4874 0.4656 2
0.4683 0.4391 2
0.4006 0.7845 2
0.4327 0.9008 2
0.2710 0.6068 2
0.2901 0.6826 2
0.4478 0.8771 2
0.3932 0.8393 2
0.3549 0.7370 2
0.3721 0.4085 2
0.3023 0.6692 2
0.4589 0.9148 2
0.4257 0.9145 2
0.3482 0.7758 2
0.4231 0.8165 2
0.3882 0.8930 2
0.2611 0.5260 2
0.4763 0.8357 2
0.3572 0.8410 2
0.4115 0.3959 2
0.3452 0.4763 2
0.3074 0.5780 2
0.2989 0.6814 2
0.3484 0.8390 2
0.2921 0.6349 2
0.4759 0.5368 2
0.2855 0.6110 2
0.2920 0.7442 2
0.3487 0.4949 2
0.3225 0.7052 2
0.2492 0.5438 2
0.4436 0.4993 2
0.2855 0.6044 2
0.3515 0.3982 2
0.4892 0.4476 2
0.4301 0.7865 2
0.3815 0.8568 2
0.2421 0.6176 2
0.3554 0.6553 2
0.3420 0.4824 2
0.2772 0.5889 2
0.2969 0.6918 2
0.4373 0.4268 2
0.4081 0.8513 2
0.4785 0.9053 2
0.5245 0.4461 2
0.3166 0.6153 2
0.4338 0.4934 2
0.4582 0.4966 2
0.5607 0.4851 2
0.3394 0.7477 2
0.3018 0.6957 2
0.2308 0.5616 2
0.4335 0.4775 2
0.4458 0.8887 2
0.4513 0.5130 2
0.5103 0.4744 2
0.2766 0.6190 2
0.4725 0.3825 2
0.3381 0.7416 2
0.2694 0.5639 2
0.2477 0.6523 2
0.4583 0.8983 2
0.5664 0.5135 2
0.5357 0.4383 2
0.4751 0.4947 2
0.4449 0.8678 2
0.3148 0.6245 2
0.4517 0.4799 2
0.3055 0.7035 2
0.3196 0.6582 2
0.3677 0.7466 2
0.3956 0.8192 2
0.3053 0.6346 2
0.3109 0.6798 2
0.4722 0.4623 2
0.4645 0.4675 2
0.2687 0.8026 2
0.4162 0.4192 2
0.3186 0.7712 2
0.4132 0.4549 2
0.3178 0.4920 2
0.3031 0.6287 2
0.3514 0.8410 2
0.3145 0.6139 2
0.2931 0.4299 2
0.3199 0.6432 2
0.3681 0.7496 2
0.3483 0.4696 2
0.3436 0.7441 2
0.3256 0.5962 2
0.4554 0.8599 2
0.3939 0.8710 2
0.3832 0.4804 2
0.3156 0.6748 2
0.3298 0.6603 2
0.4057 0.8444 2
0.2820 0.6746 2
0.4094 0.9335 2
0.3536 0.7654 2
0.4753 0.4853 2
0.4009 0.8249 2
0.4480 0.4667 2
0.3034 0.5493 2
0.5475 0.5179 2
0.4720 0.8941 2
0.4036 0.8272 2
0.2736 0.7138 2
0.3008 0.6579 2
0.3837 0.7816 2
0.2716 0.6414 2
0.2998 0.6750 2
0.3657 0.4951 2
0.4862 0.5047 2
0.5247 0.4771 2
0.2890 0.6707 2
0.3093 0.5955 2
0.3015 0.6008 2
0.3796 0.4787 2
0.5288 0.5194 2
0.3701 0.7837 2
0.3812 0.9144 2
0.4594 0.5541 2
0.4347 0.4575 2
0.4632 0.8938 2
0.4361 0.4304 2
0.4280 0.4415 2
0.4115 0.5229 2
0.2604 0.6645 2
0.4272 0.4695 2
0.3950 0.7926 2
0.2621 0.6555 2
0.3523 0.4842 2
0.4378 0.8820 2
0.3548 0.7729 2
0.3510 0.4600 2
0.3841 0.8898 2
0.4604 0.4482 2
0.3633 0.4427 2
0.4401 0.8621 2
0.2559 0.5817 2
0.2867 0.6921 2
0.3209 0.4954 2
0.3781 0.8347 2
0.4552 0.4831 2
0.3874 0.7558 2
0.4150 0.8183 2
0.2199 0.5045 2
0.3799 0.4256 2
0.4144 0.8337 2
0.3778 0.8537 2
0.3328 0.4811 2
0.4292 0.3801 2
0.3191 0.4469 2
0.3613 0.4551 2
0.4700 0.4442 2
0.5131 0.5484 2
0.3870 0.8356 2
0.3088 0.6924 2
0.2779 0.7131 2
0.3979 0.5477 2
0.2925 0.6729 2
0.4204 0.5831 2
0.3243 0.6816 2
0.3859 0.5497 2
0.3390 0.6515 2
0.2756 0.6637 2
0.3267 0.8025 2
0.3158 0.6236 2
0.3639 0.4981 2
0.4188 0.8024 2
0.3348 0.5574 2
0.3104 0.6282 2
0.4040 0.4837 2
0.2610 0.6272 2
0.4091 0.8200 2
0.3267 0.8485 2
0.3136 0.6842 2
0.2917 0.5849 2
0.2874 0.7492 2
0.3878 0.7138 2
0.4935 0.9102 2
0.4826 0.9771 2
0.3790 0.6746 2
0.3067 0.5554 2
0.3128 0.4370 2
0.2912 0.6574 2
0.3769 0.4214 2
0.3010 0.4237 2
0.3678 0.7802 2
0.3875 0.6787 2
0.3822 0.9233 2
0.4558 0.8880 2
0.3206 0.5138 2
0.3245 0.6770 2
0.4369 0.4377 2
0.4509 0.5249 2
0.3942 0.9196 2
0.4798 0.4682 2
0.4724 0.4418 2
0.3148 0.4374 2
0.3289 0.6216 2
0.3333 0.4813 2
0.3900 0.8514 2
0.2852 0.5795 2
0.2646 0.7585 2
0.3323 0.7261 2
0.3633 0.4644 2
0.3629 0.4611 2
0.2212 0.5417 2
0.4542 0.4539 2
0.3262 0.7644 2
0.1876 0.6243 2
0.3495 0.8235 2
0.3886 0.8067 2
0.5531 0.4513 2
0.3247 0.7410 2
0.3413 0.4584 2
0.3163 0.5738 2
0.4223 0.4831 2
0.4983 0.9011 2
0.3637 0.8241 2
0.3656 0.7891 2
0.3436 0.7031 2
0.3513 0.7475 2
0.5116 0.4792 2
0.4337 0.7728 2
0.3876 0.4585 2
0.4741 0.4477 2
0.3916 0.8872 2
0.3667 0.7259 2
0.3807 0.4013 2
0.4428 0.8602 2
0.3174 0.7607 2
0.2830 0.4505 2
0.4292 0.7503 2
0.3142 0.4147 2
0.3661 0.4898 2
0.2958 0.5647 2
0.5423 0.4774 2
0.4716 0.4301 2
0.3365 0.4791 2
0.3402 0.7483 2
0.3465 0.8734 2
0.2759 0.4638 2
0.3988 0.8405 2
0.3279 0.7079 2
0.4000 0.9166 2
0.4473 0.5622 2
0.3987 0.8215 2
0.4621 0.7411 2
0.2929 0.4185 2
0.4160 0.7909 2
0.4323 0.8553 2
0.3017 0.5735 2
0.4111 0.7216 2
0.3456 0.7154 2
0.3990 0.4805 2
0.3600 0.4328 2
0.3426 0.4990 2
0.3718 0.4503 2
0.3233 0.7728 2
0.4316 0.4604 2
0.2923 0.6277 2
0.3354 0.6441 2
0.3840 0.8955 2
0.5043 0.5147 2
0.4505 0.4926 2
0.3054 0.6490 2
0.3347 0.4687 2
0.4613 0.8688 2
0.3386 0.7036 2
0.3408 0.7565 2
0.3435 0.5292 2
0.4849 0.5247 2
0.4274 0.7809 2
0.3552 0.7434 2
0.3910 0.9089 2
0.3052 0.5957 2
0.3241 0.5078 2
0.4023 0.4681 2
0.3715 0.8179 2
0.2988 0.4780 2
0.3864 0.8151 2
0.2819 0.4812 2
0.3516 0.8165 2
0.2939 0.5564 2
0.3376 0.7774 2
0.5112 0.9400 2
0.4207 0.8473 2
0.3405 0.5395 2
0.4186 0.4341 2
0.3698 0.3976 2
0.3014 0.6882 2
0.2399 0.5340 2
0.3698 0.6270 2
0.4067 0.8179 2
0.4131 0.4496 2
0.3814 0.7425 2
0.4910 0.9417 2
0.3094 0.5297 2
0.3080 0.6547 2
0.3081 0.7015 2
0.2804 0.7102 2
0.3274 0.6456 2
0.4738 0.8831 2
0.3805 0.4407 2
0.3424 0.4845 2
0.4608 0.4441 2
0.4296 0.4624 2
0.3704 0.7599 2
0.4078 0.8802 2
0.3066 0.7520 2
0.4735 0.4519 2
0.3458 0.4466 2
0.3025 0.8221 2
0.3498 0.4254 2
0.4315 0.8310 2
0.3931 0.7693 2
0.4356 0.8453 2
0.2664 0.5811 2
0.3251 0.5246 2
0.5459 0.4752 2
0.5086 0.8588 2
0.3188 0.4862 2
0.2757 0.5835 2
0.4452 0.7552 2
0.3336 0.7082 2
0.5403 0.4772 2
0.4892 0.4418 2
0.4116 0.8705 2
0.3087 0.6222 2
0.3501 0.4936 2
0.3207 0.6905 2
0.3299 0.7227 2
0.4126 0.7920 2
0.4560 0.8761 2
0.4509 0.9291 2
0.4235 0.8653 2
0.4571 0.8961 2
0.3803 0.8601 2
0.4122 0.7724 2
0.3519 0.7532 2
0.3246 0.6900 2
0.3657 0.4945 2
0.4786 0.8603 2
0.3103 0.6161 2
0.3440 0.8605 2
0.5181 0.4812 2
0.3408 0.4508 2
0.4810 0.8267 2
0.4381 0.9109 2
0.3337 0.7546 2
0.4451 0.8889 2
0.3912 0.7834 2
0.3631 0.6705 2
0.3716 0.7743 2
0.3372 0.7571 2
0.3694 0.4820 2
0.5472 0.4662 2
0.2766 0.4282 2
0.3817 0.9311 2
0.3693 0.7522 2
0.4217 0.4866 2
0.2822 0.6684 2
0.3024 0.7804 2
0.4526 0.4578 2
0.3060 0.7041 2
0.2914 0.4589 2
0.3868 0.9181 2
0.2721 0.6662 2
0.2689 0.6600 2
0.1971 0.5213 2
0.3924 0.9661 2
0.3694 0.4410 2
0.2861 0.5079 2
0.4336 0.8269 2
0.3319 0.7178 2
0.3178 0.5293 2
0.2959 0.5538 2
0.3898 0.7170 2
0.4219 0.4845 2
0.3337 0.6771 2
0.4731 0.4683 2
0.4048 0.8432 2
0.5061 0.4302 2
0.3020 0.6971 2
0.3773 0.8465 2
0.3140 0.7526 2
0.3351 0.6639 2
0.3757 0.4537 2
0.3432 0.7505 2
0.3762 0.7244 2
0.3886 0.8427 2
0.4890 0.5373 2
0.2106 0.5317 2
0.2370 0.5192 2
0.2879 0.6714 2
0.5086 0.4631 2
0.4095 0.8258 2
0.3047 0.6245 2
0.4119 0.3744 2
0.3102 0.7453 2
0.3388 0.4763 2
0.3675 0.5044 2
0.2518 0.5818 2
0.3252 0.7205 2
0.3529 0.7338 2
0.2858 0.5204 2
0.3682 0.4439 2
0.4487 0.5158 2
0.3877 0.8782 2
0.3664 0.9436 2
0.3245 0.5497 2
0.4621 0.9112 2
0.3210 0.5590 2
0.5045 0.8814 2
0.3000 0.4757 2
0.2100 0.6185 2
0.3434 0.5863 2
0.4550 0.9606 2
0.3099 0.5813 2
0.3976 0.8953 2
0.4357 0.8980 2
0.3877 0.9053 2
0.3886 0.4233 2
0.3772 0.4684 2
0.2750 0.5599 2
0.3131 0.6169 2
0.2784 0.4856 2
0.3492 0.5046 2
0.3108 0.4836 2
0.3878 0.4924 2
0.3949 0.8247 2
0.3175 0.4947 2
0.2456 0.6137 2
0.2997 0.5412 2
0.3309 0.7410 2
0.3832 0.5621 2
0.2640 0.5420 2
0.3059 0.7091 2
0.3320 0.6471 2
0.3956 0.8695 2
0.2979 0.5879 2
0.3253 0.7967 2
0.4654 0.4740 2
0.3328 0.5237 2
0.3659 0.9259 2
0.3266 0.6367 2
0.2533 0.6463 2
0.5110 0.4648 2
0.4834 0.9395 2
0.4310 0.8101 2
0.4305 0.7887 2
0.5557 0.4951 2
0.3804 0.5056 2
0.3171 0.4588 2
0.4914 0.8869 2
0.3218 0.6173 2
0.4485 0.4895 2
0.3876 0.4756 2
0.2865 0.5283 2
0.2304 0.5489 2
0.5106 0.3861 2
0.3725 0.7765 2
0.3769 0.8842 2
0.3732 0.7960 2
0.3957 0.7924 2
0.4316 0.5210 2
0.3703 0.4687 2
0.3085 0.5333 2
0.2960 0.5488 2
0.3496 0.6988 2
0.4536 0.4766 2
0.6468 0.3941 3
0.9253 0.1483 3
0.7876 0.2631 3
0.9193 0.1427 3
0.7766 0.2909 3
0.7662 0.3178 3
0.7097 0.3907 3
0.8525 0.2113 3
0.6144 0.4041 3
0.9149 0.1956 3
0.8454 0.1880 3
0.6852 0.4053 3
0.7559 0.3149 3
0.7760 0.2714 3
0.7803 0.2920 3
0.8003 0.2342 3
0.7634 0.3562 3
0.8588 0.2129 3
0.8821 0.2450 3
0.8823 0.1153 3
0.8678 0.1274 3
0.8997 0.1890 3
0.8850 0.2082 3
0.6139 0.4474 3
0.5911 0.4374 3
0.5644 0.4189 3
0.8720 0.2195 3
0.7571 0.3298 3
0.8303 0.2206 3
0.7643 0.3758 3
0.8404 0.2603 3
0.5562 0.4572 3
0.7625 0.3126 3
0.7109 0.4693 3
0.5736 0.4166 3
0.8261 0.2856 3
0.8050 0.2240 3
0.5011 0.4233 3
0.8897 0.2036 3
0.6856 0.3983 3
0.7592 0.3846 3
0.6042 0.4642 3
0.7819 0.2950 3
0.8052 0.3042 3
0.6389 0.4242 3
0.8774 0.2055 3
0.6057 0.4290 3
0.8443 0.2455 3
0.6635 0.4423 3
0.6595 0.3791 3
0.7004 0.4041 3
0.7376 0.4152 3
0.6951 0.4066 3
0.5721 0.4198 3
0.7645 0.3361 3
0.8582 0.2299 3
0.8206 0.2141 3
0.7785 0.3331 3
0.6763 0.4249 3
0.6922 0.3911 3
0.6984 0.4249 3
0.7287 0.3559 3
0.8577 0.1546 3
0.8722 0.1869 3
0.6642 0.4204 3
0.8801 0.1973 3
0.8566 0.2050 3
0.7498 0.4028 3
0.8816 0.1965 3
0.8280 0.1472 3
0.7014 0.4225 3
0.7111 0.3143 3
0.8736 0.1923 3
0.5501 0.4189 3
0.8262 0.2540 3
0.6146 0.4223 3
0.6022 0.3894 3
0.9002 0.1667 3
0.8575 0.2688 3
0.8709 0.2247 3
0.8069 0.2692 3
0.5757 0.4538 3
0.6890 0.4002 3
0.7146 0.3723 3
0.9028 0.1725 3
0.7857 0.3225 3
0.7770 0.2930 3
0.7404 0.3670 3
0.5663 0.4405 3
0.6170 0.3959 3
0.7137 0.4025 3
0.8144 0.1695 3
0.6782 0.4465 3
0.5714 0.4576 3
0.8676 0.1833 3
0.6268 0.4670 3
0.6412 0.4027 3
0.7362 0.4020 3
0.4763 0.4277 3
0.8035 0.2886 3
0.7103 0.4348 3
0.7751 0.2573 3
0.8063 0.2776 3
0.6831 0.4254 3
0.7343 0.2982 3
0.8767 0.1759 3
0.7149 0.4134 3
0.6161 0.4327 3
0.9160 0.1433 3
0.5766 0.4608 3
0.6538 0.4266 3
0.9073 0.1522 3
0.6688 0.4232 3
0.6491 0.4602 3
0.6301 0.3909 3
0.9090 0.2029 3
0.9353 0.1727 3
0.7469 0.3152 3
0.7859 0.3127 3
0.7810 0.3553 3
0.8295 0.2407 3
0.5185 0.4362 3
0.7159 0.4168 3
0.7425 0.3581 3
0.8542 0.2051 3
0.8263 0.2373 3
0.8134 0.2840 3
0.7604 0.3155 3
0.9522 0.1155 3
0.8032 0.2988 3
0.9249 0.1158 3
0.8750 0.1833 3
0.6237 0.3588 3
0.6370 0.4313 3
0.7863 0.3138 3
0.8368 0.2332 3
0.5114 0.4261 3
0.6360 0.4125 3
0.6927 0.3833 3
0.8010 0.2813 3
0.5378 0.4194 3
0.8385 0.1947 3
0.5870 0.4720 3
0.7928 0.2978 3
0.8036 0.2853 3
0.7538 0.3685 3
0.8320 0.2591 3
0.8852 0.2210 3
0.7508 0.3843 3
0.5425 0.4510 3
0.8476 0.2862 3
0.6223 0.4253 3
0.7204 0.4075 3
0.6901 0.4184 3
0.6550 0.4004 3
0.8307 0.2301 3
0.6776 0.4257 3
0.8835 0.1715 3
0.8162 0.2773 3
0.8854 0.1165 3
0.6270 0.4348 3
0.7939 0.3514 3
0.8282 0.1928 3
0.6540 0.4213 3
0.6429 0.4153 3
0.7062 0.3507 3
0.7389 0.3606 3
0.6397 0.3995 3
0.8753 0.2359 3
0.8724 0.1563 3
0.5850 0.4203 3
0.5873 0.4046 3
0.7297 0.3324 3
0.7573 0.3653 3
0.8417 0.1387 3
0.6111 0.4082 3
0.6583 0.3869 3
0.7708 0.3377 3
0.8841 0.1840 3
0.6891 0.3810 3
0.8730 0.1782 3
0.7526 0.4242 3
0.8981 0.2044 3
0.7390 0.3930 3
0.7837 0.3077 3
0.8287 0.2345 3
0.9063 0.1969 3
0.6387 0.3672 3
0.8573 0.1675 3
0.7569 0.2590 3
0.5988 0.4006 3
0.5143 0.4376 3
0.8090 0.2827 3
0.6032 0.4137 3
0.7721 0.3870 3
0.7166 0.4061 3
0.5442 0.4225 3
0.8355 0.2068 3
0.8603 0.2047 3
0.7355 0.3337 3
0.8283 0.2031 3
0.8165 0.3149 3
0.5772 0.4407 3
0.6197 0.4118 3
0.7167 0.3856 3
0.8365 0.2780 3
0.8506 0.2007 3
0.7380 0.3683 3
0.7437 0.3528 3
0.6529 0.4433 3
0.8530 0.2231 3
0.7687 0.3816 3
0.8815 0.1709 3
0.6244 0.4534 3
0.8518 0.1633 3
0.8517 0.2537 3
0.5205 0.4312 3
0.6572 0.4236 3
0.7243 0.3388 3
0.6888 0.3424 3
0.7564 0.3673 3
0.8475 0.2339 3
0.5591 0.4324 3
0.7933 0.2299 3
0.8213 0.2610 3
0.7565 0.3581 3
0.7284 0.3679 3
0.4874 0.4268 3
0.8045 0.2199 3
0.8009 0.2554 3
0.7352 0.3595 3
0.9043 0.1598 3
0.6586 0.3698 3
0.7489 0.3736 3
0.7368 0.3952 3
0.9012 0.1804 3
0.7571 0.3878 3
0.8575 0.1987 3
0.7012 0.3714 3
0.7592 0.3723 3
0.8120 0.2385 3
0.8892 0.1986 3
0.5325 0.4698 3
0.8811 0.2602 3
0.5929 0.4497 3
0.7854 0.3761 3
0.6457 0.3897 3
0.5205 0.4681 3
0.6786 0.4191 3
0.8057 0.2712 3
0.6210 0.4907 3
0.5628 0.4429 3
0.5105 0.4566 3
0.8481 0.1978 3
0.8712 0.1944 3
0.5932 0.4321 3
0.5634 0.4321 3
0.9126 0.1711 3
0.5693 0.4407 3
0.8255 0.2034 3
0.5218 0.4692 3
0.5608 0.4389 3
0.8945 0.1604 3
0.7393 0.3226 3
0.9372 0.1866 3
0.8742 0.2110 3
0.6571 0.3722 3
0.7709 0.3034 3
0.7624 0.3579 3
0.7989 0.2911 3
0.6779 0.4635 3
0.5538 0.4418 3
0.8870 0.1752 3
0.7733 0.3133 3
0.8232 0.1644 3
0.6134 0.4632 3
0.8923 0.1726 3
0.6877 0.3972 3
0.8573 0.2884 3
0.6757 0.4074 3
0.7698 0.3177 3
0.5005 0.4163 3
0.8173 0.2690 3
0.8429 0.2769 3
0.7553 0.3355 3
0.6793 0.4200 3
0.7166 0.3705 3
0.7002 0.4189 3
0.6626 0.4068 3
0.6542 0.4212 3
0.8809 0.1497 3
0.7351 0.3434 3
0.8270 0.2512 3
0.5714 0.4223 3
0.7361 0.2987 3
0.7569 0.2958 3
0.8608 0.2957 3
0.6620 0.4745 3
0.7637 0.3065 3
0.8595 0.2017 3
0.8342 0.2574 3
0.8101 0.2806 3
0.8464 0.1523 3
0.7604 0.2598 3
0.5407 0.4403 3
0.7593 0.3390 3
0.5575 0.4115 3
0.7633 0.4033 3
0.7846 0.3438 3
0.7470 0.3644 3
0.5627 0.4570 3
0.7803 0.3172 3
0.5880 0.3763 3
0.7193 0.3628 3
0.7411 0.3786 3
0.9136 0.1239 3
0.7538 0.3236 3
0.7359 0.2919 3
0.6626 0.3503 3
0.7318 0.4211 3
0.7979 0.2752 3
0.7532 0.3698 3
0.7897 0.3875 3
0.6479 0.4314 3
0.7810 0.2719 3
0.9134 0.1880 3
0.7784 0.2963 3
0.7392 0.3333 3
0.8284 0.2160 3
0.7184 0.3524 3
0.6990 0.4512 3
0.8139 0.1504 3
0.6075 0.4255 3
0.6847 0.3985 3
0.7565 0.2760 3
0.8693 0.2220 3
0.9108 0.1483 3
0.5258 0.4583 3
0.8819 0.2188 3
0.6953 0.3963 3
0.8443 0.2201 3
0.5709 0.4562 3
0.8674 0.2562 3
0.7647 0.4306 3
0.6106 0.3540 3
0.8208 0.2409 3
0.7849 0.3648 3
0.5994 0.4191 3
0.6313 0.3608 3
0.7771 0.2816 3
0.8684 0.1724 3
0.7346 0.3550 3
0.5920 0.3933 3
0.6999 0.3407 3
0.6780 0.4257 3
0.9022 0.1190 3
0.7704 0.2207 3
0.4196 0.4636 3
0.9051 0.1022 3
0.5896 0.4512 3
0.6314 0.4127 3
0.7035 0.4107 3
0.7885 0.2837 3
0.7721 0.2555 3
0.7760 0.2874 3
0.7820 0.3656 3
0.7002 0.3755 3
0.7422 0.2739 3
0.8585 0.1900 3
0.5492 0.4367 3
0.8695 0.2035 3
0.7561 0.3102 3
0.8558 0.2353 3
0.7070 0.4462 3
0.9834 0.0756 3
0.5391 0.4805 3
0.7268 0.4446 3
0.7988 0.2904 3
0.8747 0.2682 3
0.8372 0.2227 3
0.6985 0.4541 3
0.8536 0.2171 3
0.8166 0.3210 3
0.7834 0.2726 3
0.8357 0.1870 3
0.6301 0.4687 3
0.5160 0.4881 3
0.6879 0.3826 3
0.7525 0.3617 3
0.7575 0.3831 3
0.9374 0.2214 3
0.5760 0.4500 3
0.7084 0.3704 3
0.7649 0.3317 3
0.7570 0.3537 3
0.7501 0.3500 3
0.9122 0.2297 3
0.6453 0.4491 3
0.4776 0.4797 3
0.5896 0.4044 3
0.8428 0.2314 3
0.6789 0.3564 3
0.9169 0.1984 3
0.8383 0.2811 3
0.6653 0.4110 3
0.5373 0.3862 3
0.8510 0.2318 3
0.7381 0.4012 3
0.5696 0.4424 3
0.5325 0.4652 3
0.5640 0.4063 3
0.5069 0.3905 3
0.5891 0.4704 3
0.6619 0.4344 3
0.8894 0.1322 3
0.7921 0.2827 3
0.6834 0.3871 3
0.8978 0.1510 3
0.8073 0.2879 3
0.8481 0.2363 3
0.8142 0.1270 3
0.6169 0.4320 3
0.6355 0.4430 3
0.9084 0.1531 3
0.7655 0.3625 3
0.5601 0.4506 3
0.7879 0.3116 3
0.7122 0.4068 3
0.8625 0.1666 3
0.7251 0.3439 3
0.7007 0.4837 3
0.7301 0.3855 3
0.7813 0.3434 3
0.6831 0.3779 3
0.8702 0.2676 3
0.6727 0.4024 3
0.8271 0.1594 3
0.6224 0.3654 3
0.8191 0.1839 3
0.5677 0.4686 3
0.6205 0.4196 3
0.8272 0.2345 3
0.7576 0.2463 3
0.7036 0.3532 3
0.7633 0.3475 3
0.8264 0.2106 3
0.7673 0.3381 3
0.6575 0.4097 3
0.8246 0.2987 3
0.5547 0.4400 3
0.9158 0.0689 3
0.6106 0.4760 3
0.7405 0.3298 3
0.6980 0.3863 3
0.7541 0.3773 3
0.6105 0.4536 3
0.7573 0.3281 3
0.8256 0.2109 3
0.4635 0.3534 3
0.5329 0.4800 3
0.7538 0.3382 3
0.8561 0.2066 3
0.8580 0.2145 3
0.8354 0.2947 3
0.6373 0.4623 3
0.8042 0.3061 3
0.7873 0.3408 3
0.5019 0.4179 3
0.7679 0.2762 3
0.7471 0.3983 3
0.8254 0.2181 3
0.7115 0.3824 3
0.6243 0.3923 3
0.7516 0.2893 3
0.5248 0.4413 3
0.7456 0.4520 3
0.5035 0.4879 3
0.7407 0.3452 3
0.7856 0.2961 3
0.7833 0.3775 3
0.7279 0.4551 3
0.5860 0.4822 3
0.8977 0.1653 3
0.4605 0.4195 3
0.5146 0.5407 3
0.8357 0.3531 3
0.7885 0.3429 3
0.5820 0.4665 3
0.8053 0.2422 3
0.6181 0.4489 3
0.6956 0.4204 3
0.8513 0.1191 3
0.8845 0.1126 3
0.6747 0.3759 3
0.6894 0.3529 3
0.7563 0.4120 3
0.7177 0.3373 3
0.5418 0.4277 3
0.7888 0.2820 3
0.9088 0.1637 3
0.5252 0.3764 3
0.6640 0.3971 3
0.7781 0.3115 3
0.6714 0.3771 3
0.7222 0.3655 3
0.7519 0.3168 3
0.4539 0.4176 3
0.7395 0.3914 3
0.6905 0.3518 3
0.8746 0.1432 3
0.8715 0.2197 3
0.8925 0.1724 3
0.8469 0.2959 3
0.5642 0.4077 3
0.8744 0.2284 3
0.6767 0.4160 3
0.6709 0.4603 3
0.7704 0.3238 3
0.6945 0.3949 3
0.7292 0.4093 3
0.6902 0.4401 3
0.8097 0.3364 3
0.7222 0.4140 3
0.7371 0.3710 3
0.6484 0.3756 3
0.8226 0.1944 3
0.8090 0.3166 3
0.7943 0.2471 3
0.7554 0.3405 3
0.7755 0.4018 3
0.7931 0.2386 3
0.7634 0.2773 3
0.8276 0.3123 3
0.6989 0.4017 3
0.8647 0.2394 3
0.8356 0.2448 3
0.9518 0.1316 3
0.7938 0.3213 3
0.8456 0.1744 3
0.8569 0.1882 3
0.7224 0.4382 3
0.6415 0.4485 3
0.7596 0.3142 3
0.7922 0.2619 3
0.5916 0.3811 3
0.7801 0.3867 3
0.6035 0.3956 3
0.8428 0.1537 3
0.4867 0.4004 3
0.8126 0.2424 3
0.8192 0.2851 3
0.6791 0.4319 3
0.8523 0.2658 3
0.8990 0.1858 3
0.7617 0.3544 3
0.5794 0.3893 3
0.8335 0.2909 3
0.8923 0.1281 3
0.5410 0.4038 3
0.6363 0.4094 3
0.8779 0.2052 3
0.8137 0.1650 3
0.9514 0.1464 3
0.7466 0.3440 3
0.8916 0.1443 3
0.8611 0.2746 3
0.7975 0.3933 3
0.7370 0.3179 3
0.5832 0.4487 3
0.6975 0.3826 3
0.5757 0.4546 3
0.6149 0.4243 3
0.5603 0.4412 3
0.7320 0.3929 3
0.7937 0.2896 3
0.8055 0.3233 3
0.6609 0.3191 3
0.7714 0.2838 3
0.6081 0.4727 3
0.7162 0.3672 3
0.5307 0.4693 3
0.7640 0.2958 3
0.8149 0.3394 3
0.8162 0.3637 3
0.6439 0.4309 3
0.7727 0.1561 3
0.9143 0.2271 3
0.8742 0.2013 3
0.6714 0.4070 3
0.7129 0.3062 3
0.6126 0.3732 3
0.4731 0.4352 3
0.6019 0.4118 3
0.5224 0.4314 3
0.7791 0.3130 3
0.6905 0.3703 3
0.6692 0.4614 3
0.9038 0.2049 3
0.8131 0.2696 3
0.8907 0.2774 3
0.5333 0.4692 3
0.7591 0.3943 3
0.7904 0.2536 3
0.7476 0.4297 3
0.9075 0.1316 3
0.6266 0.4276 3
0.8359 0.2322 3
0.8887 0.2590 3
0.9235 0.1878 3
0.9173 0.1255 3
0.5611 0.4038 3
0.7788 0.3795 3
0.7139 0.3583 3
0.6044 0.4244 3
0.7400 0.3725 3
0.7675 0.2475 3
0.5946 0.4009 3
0.5282 0.4511 3
0.8512 0.2524 3
0.7107 0.3641 3
0.7472 0.3251 3
0.8818 0.1535 3
0.6974 0.3236 3
0.5402 0.3863 3
0.7622 0.2170 3
0.7524 0.3428 3
0.7942 0.2908 3
0.6219 0.3762 3
0.5450 0.4129 3
0.4962 0.4987 3
0.5152 0.4314 3
0.5343 0.5065 3
0.6626 0.3704 3
0.8639 0.2785 3
0.9202 0.2170 3
0.7872 0.3637 3
0.7486 0.3190 3
0.6179 0.3786 3
0.5921 0.4084 3
0.6251 0.4739 3
0.5380 0.4307 3
0.8262 0.1681 3
0.6954 0.3358 3
0.7146 0.3851 3
0.6020 0.4498 3
0.6527 0.3257 3
0.8151 0.2989 3
0.6368 0.4010 3
0.6128 0.3600 3
0.7199 0.3718 3
0.5676 0.4052 3
0.5572 0.4032 3
0.7378 0.4577 3
0.6734 0.4257 3
0.5712 0.3974 3
0.6881 0.4349 3
0.6707 0.4420 3
0.7862 0.3072 3
0.8400 0.1760 3
0.7933 0.3038 3
0.7246 0.3683 3
0.8687 0.1989 3
0.5982 0.4290 3
0.8185 0.2973 3
0.8969 0.1748 3
0.7469 0.2705 3
0.8224 0.2892 3
0.7683 0.2071 3
0.7374 0.3494 3
0.5249 0.4458 3
0.4805 0.4672 3
0.8704 0.0958 3
0.8689 0.3136 3
0.8579 0.3250 3
0.7797 0.2959 3
0.9353 0.1209 3
0.8716 0.1685 3
0.6348 0.4004 3
0.7251 0.3307 3
0.5450 0.4544 3
0.7374 0.3455 3
0.7414 0.4116 3
0.7645 0.3540 3
0.7945 0.2791 3
0.8412 0.2338 3
0.7868 0.4796 3
0.5297 0.4699 3
0.6023 0.4040 3
0.9018 0.1592 3
0.7088 0.3914 3
0.8203 0.2172 3
0.8849 0.2665 3
0.7734 0.2838 3
0.5911 0.3714 3
0.6988 0.4547 3
0.6344 0.3759 3
0.7063 0.3902 3
0.8335 0.1760 3
0.7032 0.4587 3
0.7017 0.4162 3
0.8033 0.2362 3
0.7672 0.2592 3
0.6174 0.3699 3
0.7146 0.4203 3
0.7713 0.3759 3
0.7741 0.3106 3
0.5475 0.3931 3
0.8713 0.2817 3
0.7677 0.3427 3
0.7324 0.3665 3
0.7069 0.4099 3
0.6065 0.4257 3
0.8197 0.2296 3
0.8154 0.2676 3
0.5727 0.4600 3
0.7938 0.3123 3
0.6512 0.3508 3
0.6826 0.4064 3
0.8381 0.2787 3
0.7605 0.3629 3
0.5361 0.4841 3
0.6841 0.3931 3
0.5678 0.4313 3
0.7685 0.4033 3
0.7467 0.3352 3
0.8822 0.2307 3
0.7102 0.3902 3
0.6766 0.4113 3
0.8441 0.3092 3
0.8648 0.2005 3
0.7015 0.3907 3
0.5602 0.3844 3
0.7575 0.3766 3
0.7377 0.4011 3
0.8188 0.1714 3
0.6667 0.3747 3
0.8421 0.1652 3
0.7446 0.3994 3
0.7752 0.2811 3
0.6184 0.4020 3
0.7277 0.3666 3
0.5645 0.3525 3
0.7172 0.4009 3
0.6245 0.3985 3
0.6882 0.3867 3
0.8123 0.3091 3
0.8513 0.1070 3
0.8364 0.1812 3
0.5016 0.4805 3
0.7338 0.3356 3
0.6435 0.4238 3
0.8942 0.1659 3
0.6778 0.3493 3
0.7113 0.3807 3
0.7954 0.1974 3
0.8366 0.2125 3
0.8984 0.1210 3
0.6665 0.3814 3
0.8283 0.1538 3
0.8673 0.1408 3
0.5801 0.4125 3
0.9181 0.1643 3
0.5942 0.4569 3
0.6623 0.4274 3
0.6156 0.4357 3
0.6363 0.4510 3
0.9456 0.2228 3
0.8338 0.2254 3
0.6637 0.3584 3
0.9295 0.1354 3
0.6045 0.3785 3
0.5590 0.4174 3
0.5950 0.3561 3
0.7479 0.3536 3
0.6216 0.3100 3
0.5080 0.5328 3
0.7531 0.2634 3
0.7907 0.3340 3
0.6794 0.3600 3
0.6649 0.3669 3
0.7027 0.3746 3
0.9273 0.2140 3
0.7356 0.3358 3
0.6315 0.3296 3
0.5512 0.4664 3
0.7122 0.3237 3
0.6827 0.3595 3
0.9094 0.1989 3
0.7889 0.1587 3
0.7225 0.2622 3
0.7289 0.3204 3
0.7470 0.2635 3
0.5570 0.4482 3
0.5921 0.4606 3
0.7157 0.1994 3
0.6780 0.4097 3
0.7742 0.4028 3
0.5512 0.4518 3
0.8130 0.2864 3
0.7606 0.2957 3
0.5016 0.5014 3
0.7257 0.4711 3
0.6682 0.3858 3
0.6733 0.4611 3
0.8667 0.1768 3
0.7329 0.3907 3
0.6485 0.4542 3
0.6358 0.3480 3
0.6111 0.4388 3
0.4673 0.4180 3
0.6755 0.3133 3
0.8101 0.2955 3
0.6489 0.4321 3
0.8788 0.1740 3
0.8617 0.3148 3
0.5225 0.4453 3
0.7529 0.3605 3
0.8961 0.1791 3
0.8239 0.2190 3
0.9856 0.1395 3
0.8057 0.2861 3
0.5413 0.4413 3
0.6307 0.4326 3
0.9003 0.2500 3
0.6805 0.3881 3
0.8208 0.2162 3
0.8284 0.2710 3
0.7425 0.3623 3
0.6103 0.4010 3
0.6128 0.4181 3
0.7491 0.3292 3
0.9508 0.1486 3
0.9120 0.2426 3
0.6288 0.3518 3
0.6713 0.3529 3
0.9136 0.1904 3
0.8260 0.3498 3
0.7731 0.1905 3
0.6768 0.3682 3
0.6898 0.4716 3
0.5743 0.3769 3
0.6439 0.3932 3
0.6787 0.4734 3
0.5748 0.4027 3
0.6270 0.4483 3
0.8060 0.4027 3
0.7469 0.3425 3
0.7505 0.3818 3
0.7692 0.3740 3
0.8907 0.1231 3
0.7813 0.3055 3
0.6929 0.3536 3
0.4384 0.4760 3
0.6466 0.4299 3
0.6919 0.3903 3
0.6615 0.2573 3
0.8543 0.2075 3
0.7038 0.3827 3
0.7588 0.2368 3
0.7032 0.3843 3
0.7109 0.5009 3
0.6602 0.4097 3
0.8357 0.2144 3
0.7611 0.3640 3
0.7193 0.3794 3
0.8126 0.1900 3
0.9081 0.1767 3
0.9532 0.0977 3
0.7201 0.3980 3
0.7036 0.3723 3
0.8499 0.2815 3
0.5768 0.4482 3
0.5619 0.3563 3
0.8465 0.2758 3
0.7423 0.3035 3
0.5176 0.5402 3
0.6124 0.4558 3
0.6322 0.3495 3
0.6359 0.4128 3
0.5523 0.4070 3
0.4603 0.3876 3
0.7481 0.3229 3
0.7894 0.3217 3
0.7050 0.3281 3
0.7794 0.2845 3
0.6826 0.3331 3
0.8531 0.2394 3
0.9305 0.1589 3
0.7810 0.2522 3
0.8612 0.2944 3
0.7427 0.3255 3
0.6392 0.4255 3
0.5372 0.3948 3
0.8417 0.2422 3
0.6196 0.4679 3
0.8487 0.1924 3
0.6844 0.3784 3
0.8422 0.2893 3
0.7783 0.2801 3
0.8045 0.2906 3
0.8261 0.2833 3
0.6559 0.3351 3
0.8954 0.2914 3
0.9506 0.1885 3
0.7930 0.2770 3
0.6030 0.4447 3
0.6911 0.3887 3
0.6788 0.3611 3
0.8910 0.1956 3
0.6409 0.3824 3
0.7328 0.3874 3
0.7164 0.4183 3
0.5729 0.4753 3
0.6961 0.4049 3
0.6751 0.4183 3
0.7144 0.4060 3
0.4986 0.4407 3
0.6347 0.3812 3
0.4835 0.4746 3
0.8536 0.3501 3
0.6905 0.3550 3
0.7603 0.3443 3
0.6211 0.3752 3
0.6879 0.3706 3
0.9271 0.1670 3
0.6282 0.3843 3
0.8021 0.2524 3
0.7627 0.4147 3
0.7758 0.2438 3
0.8479 0.3487 3
0.6762 0.3438 3
0.6184 0.4776 3
0.8044 0.3456 3
0.6452 0.4813 3
0.7842 0.2364 3
0.7679 0.3238 3
0.7738 0.2926 3
0.7510 0.2812 3
0.7810 0.2970 3
0.9105 0.2315 3
0.5554 0.4001 3
0.7538 0.3416 3
0.6719 0.5049 3
0.6555 0.4003 3
0.4781 0.5379 3
0.7068 0.4062 3
0.8235 0.1353 3
0.6779 0.3397 3
0.9419 0.2487 3
0.8009 0.2881 3
0.6340 0.4709 3
0.7893 0.2487 3
0.8557 0.1711 3
0.7391 0.3817 3
0.7367 0.2803 3
0.7022 0.4817 3
0.7836 0.4036 3
0.5363 0.3855 3
0.8894 0.1514 3
0.8843 0.1198 3
0.7097 0.4609 3
0.9491 0.0921 3
0.8014 0.2915 3
0.7242 0.4345 3
0.7291 0.3713 3
0.5573 0.4219 3
0.8153 0.2091 3
0.7162 0.4417 3
0.8329 0.3176 3
0.7790 0.3518 3
0.5236 0.3937 3
0.7518 0.3945 3
0.7696 0.1875 3
0.6239 0.3801 3
0.8150 0.2690 3
0.6803 0.3599 3
0.8534 0.2832 3
0.6047 0.3966 3
0.7751 0.2766 3
0.7981 0.4171 3
0.7038 0.3635 3
0.6840 0.3819 3
0.8296 0.1292 3
0.4713 0.4990 3
0.7579 0.2634 3
0.7794 0.3122 3
0.4267 0.4314 3
0.7218 0.3490 3
0.7941 0.2176 3
0.5604 0.3722 3
0.6861 0.4777 3
0.7240 0.3869 3
0.7961 0.2722 3
0.8466 0.2685 3
0.5465 0.4194 3
0.5258 0.4106 3
0.8050 0.2700 3
0.7382 0.4290 3
0.6583 0.4196 3
0.6279 0.3661 3